1 1
[2.500142901185707e-18, -1.498697529249247e-12, -2.564898990682685e-13, 5.413785967254893e-11, -1.530952351387748e-10, -2.24612271927916e-15, 7.484785613990409e-16, 2.607754777276336e-05, -1.8988462596251462e-06, -1.3731765002409148e-08, 8.499896638904929e-10]
[2.500142901185707e-18, -1.3738812403398772e-12, -2.564898990682685e-13, 5.413785967254893e-11, -1.5726329910951045e-10, -2.3588566202796998e-15, 7.484785613990409e-16, 2.607754777276336e-05, -1.979331949163259e-06, -1.5448784819424678e-08, 9.064068571726169e-10]
[-5.277376424538459e-19, -1.446045689005307e-12, -5.9828660786017745e-06, 0.0013277055314681828, -1.530952351387748e-10, -2.24612271927916e-15, 7.563928512718707e-16, 2.7693431743149672e-05, -2.0860007097411178e-06, -1.3731765002409148e-08, 9.71455957846577e-10]
1 2
[-5.277376424538459e-19, -1.4425762893970783e-12, -5.9828660786017745e-06, 0.0013277055314681828, -1.5726329910951045e-10, -2.228273403724934e-15, 7.563928512718707e-16, 2.7693431743149672e-05, -2.008527613361045e-06, -1.5448784819424678e-08, 9.71455957846577e-10]
[2.500142901185707e-18, -1.3738812403398772e-12, -2.564898990682685e-13, 5.413785967254893e-11, -1.5726329910951045e-10, -2.3588566202796998e-15, 7.484785613990409e-16, 2.607754777276336e-05, -1.979331949163259e-06, -1.5448784819424678e-08, 9.064068571726169e-10]
[-5.277376424538459e-19, -1.446045689005307e-12, -5.9828660786017745e-06, 0.0013277055314681828, -1.530952351387748e-10, -2.24612271927916e-15, 7.563928512718707e-16, 2.7693431743149672e-05, -2.0860007097411178e-06, -1.3731765002409148e-08, 9.71455957846577e-10]
1 3
[-2.5454451519606924e-19, -1.3627468948397711e-12, -2.4132802300937104e-13, 0.0012573956713916837, -1.530952351387748e-10, -2.24612271927916e-15, 7.563928512718707e-16, 2.7693431743149672e-05, -1.9334403812900815e-06, -1.6487635258856883e-08, 9.497777774437843e-10]
[-0.02303842457122424, -1.3627468948397711e-12, -2.4132802300937104e-13, 6.900486291014109e-11, -1.2442777076625576e-10, -2.2475493613691534e-15, 7.590338032334603e-16, 2.507909059926704e-05, -2.049523772151163e-06, -1.6487635258856883e-08, 9.451988173508219e-10]
[-5.277376424538459e-19, -1.446045689005307e-12, -5.9828660786017745e-06, 0.0013277055314681828, -1.530952351387748e-10, -2.24612271927916e-15, 7.563928512718707e-16, 2.7693431743149672e-05, -2.0860007097411178e-06, -1.3731765002409148e-08, 9.71455957846577e-10]
1 4
[-0.02303842457122424, -1.4581635538677267e-12, -5.81788484245614e-06, 7.37108774137751e-11, -1.2442777076625576e-10, -2.2330184950569144e-15, 7.590338032334603e-16, 2.507909059926704e-05, -2.0860007097411178e-06, -1.3731765002409148e-08, 9.881958819094203e-10]
[-0.02303842457122424, -1.3627468948397711e-12, -2.4132802300937104e-13, 6.900486291014109e-11, -1.2442777076625576e-10, -2.2475493613691534e-15, 7.590338032334603e-16, 2.507909059926704e-05, -2.049523772151163e-06, -1.6487635258856883e-08, 9.451988173508219e-10]
[-5.277376424538459e-19, -1.446045689005307e-12, -5.9828660786017745e-06, 0.0013277055314681828, -1.530952351387748e-10, -2.24612271927916e-15, 7.563928512718707e-16, 2.7693431743149672e-05, -2.0860007097411178e-06, -1.3731765002409148e-08, 9.71455957846577e-10]
1 5
[-5.277376424538459e-19, -1.446045689005307e-12, -5.438697492438543e-06, 0.0014465423664713499, -1.530952351387748e-10, -2.24612271927916e-15, 7.322578319569308e-16, 2.767396090728334e-05, -1.8689945484167713e-06, -1.2940299839654461e-08, 9.71455957846577e-10]
[-5.277376424538459e-19, -1.446045689005307e-12, -5.9828660786017745e-06, 0.0013277055314681828, -1.530952351387748e-10, -2.24612271927916e-15, 7.563928512718707e-16, 2.7693431743149672e-05, -2.0860007097411178e-06, -1.3731765002409148e-08, 9.71455957846577e-10]
[-0.02303842457122424, -1.2814583750333733e-12, -2.0657260171626415e-13, 5.413785967254893e-11, -1.21365430050191e-10, -1.4668524700318145e-15, 7.322578319569308e-16, 2.7014394047295274e-05, -1.979331949163259e-06, -1.4518488021389094e-08, 9.537192854189212e-10]
1 6
[-0.02303842457122424, -1.1587833689048756e-12, -2.0657260171626415e-13, 5.413785967254893e-11, -1.2952567148691962e-10, -1.4668524700318145e-15, 7.563928512718707e-16, 2.7014394047295274e-05, -2.008841527168456e-06, -1.593608513004344e-08, 9.537192854189212e-10]
[-5.277376424538459e-19, -1.446045689005307e-12, -5.9828660786017745e-06, 0.0013277055314681828, -1.530952351387748e-10, -2.24612271927916e-15, 7.563928512718707e-16, 2.7693431743149672e-05, -2.0860007097411178e-06, -1.3731765002409148e-08, 9.71455957846577e-10]
[-0.02303842457122424, -1.2814583750333733e-12, -2.0657260171626415e-13, 5.413785967254893e-11, -1.21365430050191e-10, -1.4668524700318145e-15, 7.322578319569308e-16, 2.7014394047295274e-05, -1.979331949163259e-06, -1.4518488021389094e-08, 9.537192854189212e-10]
1 7
[-5.277376424538459e-19, -1.3627468948397711e-12, -1.9858001536503055e-13, 0.0013546748046853938, -1.679079069202947e-10, -2.24612271927916e-15, 9.2699028899782e-16, 2.507909059926704e-05, -2.049523772151163e-06, -1.4651921077177198e-08, 8.714713082758903e-10]
[-7.966187402840873e-19, 0.0001957364304301047, -1.9858001536503055e-13, 5.958145330999208e-11, -1.3432106811086842e-10, -2.24612271927916e-15, 7.563928512718707e-16, 2.507909059926704e-05, -2.049523772151163e-06, -1.3731765002409148e-08, 9.906991405463507e-10]
[-5.277376424538459e-19, -1.3627468948397711e-12, -5.592128139111349e-06, 0.0013277055314681828, -1.679079069202947e-10, -2.0340255046667505e-15, 9.2699028899782e-16, 2.6559452738192626e-05, -2.0860007097411178e-06, -1.4651921077177198e-08, 8.714713082758903e-10]
1 8
[-2.0983982967931364e-19, 0.00019725987799797858, -5.053167234320355e-06, 5.958145330999208e-11, -1.3432106811086842e-10, -2.0340255046667505e-15, 7.563928512718707e-16, 2.4902046072628324e-05, -2.1637114072688056e-06, -1.3731765002409148e-08, 9.906991405463507e-10]
[-7.966187402840873e-19, 0.0001957364304301047, -1.9858001536503055e-13, 5.958145330999208e-11, -1.3432106811086842e-10, -2.24612271927916e-15, 7.563928512718707e-16, 2.507909059926704e-05, -2.049523772151163e-06, -1.3731765002409148e-08, 9.906991405463507e-10]
[-5.277376424538459e-19, -1.3627468948397711e-12, -5.592128139111349e-06, 0.0013277055314681828, -1.679079069202947e-10, -2.0340255046667505e-15, 9.2699028899782e-16, 2.6559452738192626e-05, -2.0860007097411178e-06, -1.4651921077177198e-08, 8.714713082758903e-10]
1 9
[2.500142901185707e-18, -1.446045689005307e-12, -6.265395893368087e-06, 6.056002401743197e-11, -1.5844695040611543e-10, -2.24612271927916e-15, 9.2699028899782e-16, 3.135195851456638e-05, -1.97385262487975e-06, -1.4903630245764304e-08, 7.884073559762072e-10]
[-5.277376424538459e-19, -1.446045689005307e-12, -5.9828660786017745e-06, 0.0013277055314681828, -1.530952351387748e-10, -2.24612271927916e-15, 7.563928512718707e-16, 2.7693431743149672e-05, -2.0860007097411178e-06, -1.3731765002409148e-08, 9.71455957846577e-10]
[2.500142901185707e-18, -1.3094736872452768e-12, -6.265395893368087e-06, 6.028821130082867e-11, -1.6889215445505458e-10, -1.4711162119525787e-15, 9.2699028899782e-16, 3.135195851456638e-05, -1.97385262487975e-06, -1.4903630245764304e-08, 7.884073559762072e-10]
1 10
[-5.277376424538459e-19, -1.3474813026487296e-12, -5.9187881446804344e-06, 0.0014229785029663045, -1.530952351387748e-10, -1.4685999533071789e-15, 7.563928512718707e-16, 2.7693431743149672e-05, -2.171371945728627e-06, -1.5041597694470737e-08, 9.71455957846577e-10]
[-5.277376424538459e-19, -1.446045689005307e-12, -5.9828660786017745e-06, 0.0013277055314681828, -1.530952351387748e-10, -2.24612271927916e-15, 7.563928512718707e-16, 2.7693431743149672e-05, -2.0860007097411178e-06, -1.3731765002409148e-08, 9.71455957846577e-10]
[2.500142901185707e-18, -1.3094736872452768e-12, -6.265395893368087e-06, 6.028821130082867e-11, -1.6889215445505458e-10, -1.4711162119525787e-15, 9.2699028899782e-16, 3.135195851456638e-05, -1.97385262487975e-06, -1.4903630245764304e-08, 7.884073559762072e-10]