0
[-0.027343366976210856, 0.00023313147816921836, -6.822360279649146e-06, 0.001334662454308338, -1.0904904969410857e-10, -9.511728438204618e-16, 8.435237267512618e-16, 2.554409290149949e-05, -2.0108264082433695e-06, -1.7077072798367253e-08, 8.169628713733952e-10]
0
[-0.022690858657150276, 0.00020319511395533376, -7.332264277394726e-06, 0.0011464023315784517, -1.21078244811115e-10, -1.0515525308770662e-15, 1.001480107591756e-15, 2.3932505801239685e-05, -1.859184763196312e-06, -1.6137351679343774e-08, 9.075389783827153e-10]
0
[-0.017193687338246187, 0.00018477086016393325, -5.836389809210447e-06, 0.0011461403502433768, -1.1615600074475952e-10, -1.4895355932398576e-15, 8.6618606065282835e-16, 2.9865486677731833e-05, -1.909169284711295e-06, -1.6563771239119785e-08, 8.618216455563745e-10]
0
[-0.03239819086836804, 0.00023226163865883433, -6.5186632932466125e-06, 0.0017242216157703856, -1.1461067219575691e-10, -8.169180286240978e-16, 9.150911586914283e-16, 2.5690843116049303e-05, -1.8405272887093457e-06, -1.8050839670432155e-08, 8.700407372080975e-10]
0
[-0.032129595422174424, 0.0002731348033074643, -6.7155310407112725e-06, 0.0016447869244995052, -1.308290613778813e-10, -1.2303506072480625e-15, 7.93282321272075e-16, 3.024969747227879e-05, -1.9535192875615483e-06, -1.6736894929427524e-08, 8.930526954124751e-10]
0
[-0.020178652428422532, 0.00020182924249696098, -5.955060272170657e-06, 0.0012058671939435986, -1.226388246911627e-10, -1.4754722332467392e-15, 9.192873907251796e-16, 3.048367788488281e-05, -1.9002036112768905e-06, -1.5967993993499875e-08, 8.622340604670995e-10]
0
[-0.03164721846202467, 0.00022076024156685836, -6.7490936931981636e-06, 0.001258263878686211, -1.1759616685858714e-10, -9.435928012401784e-16, 8.262561315497299e-16, 2.716314413991505e-05, -1.8206205440528707e-06, -1.70296677169729e-08, 8.688306969738787e-10]
0
[-0.030710738031072122, 0.00024918783218924503, -6.703297508426112e-06, 0.001626684117339927, -1.302076464691885e-10, -1.2267871332211375e-15, 7.955630087802665e-16, 3.0084659267643002e-05, -1.948982203986676e-06, -1.6731567244797556e-08, 8.918609827051742e-10]
0
[-0.02753618777797579, 0.00022117134401495285, -6.8098623450456795e-06, 0.0012378366197589319, -1.200293082011236e-10, -9.052211580941485e-16, 8.053495697429953e-16, 2.3666501572499046e-05, -1.8122461207690094e-06, -1.7308150566352007e-08, 8.68613148157488e-10]
0
[-0.027478023572678142, 0.00023485359538592598, -7.857682328831268e-06, 0.001343326961189566, -1.007248384104053e-10, -9.448566219493535e-16, 8.346671376086192e-16, 2.4825330209165814e-05, -1.845207078962737e-06, -1.7129888727842044e-08, 8.836953250619762e-10]
0
[-0.02757401687309465, 0.0002240352103226607, -7.1242780474249465e-06, 0.001338796452338989, -1.0611558645484044e-10, -9.295158568784365e-16, 8.574229123370646e-16, 2.545541567340512e-05, -1.8258784337823653e-06, -1.7508785999125362e-08, 8.688127319283932e-10]
0
[-0.030474973588094655, 0.0002476933651232981, -6.739274311610474e-06, 0.0015854704329530194, -1.2935287392619113e-10, -1.2134427338627933e-15, 7.844398330420499e-16, 2.981230010773225e-05, -1.941393250540536e-06, -1.6792542995009997e-08, 9.403616802591208e-10]
0
[-0.03048066698144249, 0.00024919381309998674, -6.823888773294169e-06, 0.001502088402679111, -1.1565682202076064e-10, -9.171941779755643e-16, 8.083442239241084e-16, 2.7679042922834697e-05, -1.8496553531058825e-06, -1.78149255239432e-08, 8.604694512593413e-10]
0
[-0.024237645810899086, 0.00019485450142690691, -6.2971675121954125e-06, 0.0012941612605954166, -1.100934482266092e-10, -1.108563159884432e-15, 9.406318653320476e-16, 2.54009371757568e-05, -1.8196692347618296e-06, -1.6216612112227472e-08, 9.350617454678253e-10]
0
[-0.024364655746831096, 0.00022701049339536784, -6.1064627072942874e-06, 0.001418547134013256, -1.2558520061103116e-10, -1.162465094262229e-15, 8.819782674216241e-16, 2.6425784016139833e-05, -1.8994762616739383e-06, -1.535441488047815e-08, 8.866981531588414e-10]
0
[-0.02720615798448415, 0.00022190239727733451, -7.148613907647338e-06, 0.0013156414980557338, -1.146831813866125e-10, -9.816967447823386e-16, 8.635226467149467e-16, 2.5075204756199053e-05, -1.8172220019996287e-06, -1.751194241310777e-08, 8.673165757831641e-10]
0
[-0.01950499053152732, 0.00019896650298624908, -5.724540365195488e-06, 0.0012141127239460709, -1.1549582365103655e-10, -1.4677272483370942e-15, 8.696262104768552e-16, 2.9587868973546236e-05, -1.8803927636172333e-06, -1.5996148171673687e-08, 8.577273681764365e-10]
0
[-0.0229005176287286, 0.00017527833324232359, -5.9919081010170565e-06, 0.0012169392929997078, -1.1841165431638637e-10, -1.4462276816433677e-15, 8.552091528096283e-16, 3.092030271710128e-05, -1.7487021397686292e-06, -1.6088073603047163e-08, 8.256624988752627e-10]
0
[-0.024317707388215926, 0.00020589508847673543, -6.722729324504702e-06, 0.0014207273494692158, -1.2566615098494386e-10, -1.1653299988205805e-15, 8.819548106440475e-16, 2.6446773837021348e-05, -1.9012985652207553e-06, -1.5311319920037704e-08, 8.87253464365448e-10]
0
[-0.027435938695897336, 0.0002351995390642032, -7.378398035762365e-06, 0.0013450488789538864, -1.0905146866039524e-10, -9.489430299111706e-16, 8.362167186817487e-16, 2.4861838558274764e-05, -1.8469864702901557e-06, -1.7100989481521907e-08, 8.842282853922855e-10]
1
[-0.02747611854760866, 0.00023530172377924462, -7.386846630170737e-06, 0.0013440737268811216, -1.088373807989891e-10, -9.461547837981814e-16, 8.356273622257099e-16, 2.4841415934617818e-05, -1.8462866338427865e-06, -1.7124050201044403e-08, 8.841893045629152e-10]
1
[-0.029687683783146596, 0.00024229168030456559, -6.822942836229293e-06, 0.0014756776753024328, -1.1495016704969992e-10, -9.415017020385518e-16, 8.25147286754273e-16, 2.625666547961352e-05, -1.8514410638016023e-06, -1.7611909124274123e-08, 8.69944100537925e-10]
1
[-0.025030629009194984, 0.00020175663422232812, -6.817387509542281e-06, 0.0013205719879720952, -1.1080010319766991e-10, -1.0842556358214448e-15, 9.23828802501883e-16, 2.5525446063716858e-05, -1.8619282374747242e-06, -1.641962851189655e-08, 9.255870961892416e-10]
1
[-0.020459388037499162, 0.00016022076842967675, -5.922083055775837e-06, 0.0012006041223630562, -1.1603718578162167e-10, -1.642427728318638e-15, 8.559413015866208e-16, 2.9350102064847515e-05, -1.9006282119882213e-06, -1.508667979641638e-08, 8.154243372603107e-10]
1
[-0.019343025709641956, 0.000201855558660299, -5.951193162948408e-06, 0.0011987251551581629, -1.1611965259024639e-10, -1.5081166451917813e-15, 8.66770777450566e-16, 2.933604648468023e-05, -1.9001085516853467e-06, -1.6227789702547758e-08, 7.91984674431838e-10]
1
[-0.030622122545246582, 0.0002283518247831467, -6.83580711088957e-06, 0.0016566947924276534, -1.147911850996647e-10, -9.034434243639978e-16, 9.093784568400702e-16, 2.6178491540447924e-05, -1.84854549689966e-06, -1.777716608716219e-08, 8.69080648751507e-10]
1
[-0.030755704266378657, 0.00024998280633067263, -6.702016823645139e-06, 0.0016369869448569954, -1.30560324974685e-10, -1.2347066285422226e-15, 7.947046793057254e-16, 3.0233923469476778e-05, -1.9525718223174584e-06, -1.6723230901064644e-08, 8.925050218666096e-10]
1
[-0.02473197030886525, 0.0002166379535021657, -7.1503411608819106e-06, 0.0013152384331888553, -1.1300719803000886e-10, -9.682051046434243e-16, 8.397046788832397e-16, 2.425801067156239e-05, -1.8100729871139918e-06, -1.748570485811114e-08, 8.65373578261302e-10]
1
[-0.021758080005928333, 0.0002020931753990967, -5.9636970878990055e-06, 0.0012187679504997698, -1.2303750070434667e-10, -1.4728566125533272e-15, 9.412288690640999e-16, 2.958288148590676e-05, -1.7183934817631446e-06, -1.612436915956914e-08, 8.610411283752197e-10]
1
[-0.02343575249888828, 0.0001715443814597975, -5.995085338096094e-06, 0.0012173848433596703, -1.1197317245705161e-10, -1.4428387180278835e-15, 8.529366007822971e-16, 3.1130333437314314e-05, -1.7279438268648824e-06, -1.6102563752858102e-08, 8.206081330387343e-10]
1
[-0.0245550949180078, 0.0001875483251401595, -7.329665573627535e-06, 0.0011369910590056681, -1.1349487628311191e-10, -1.0565705908993466e-15, 1.0093764721173079e-15, 2.4265872652581563e-05, -1.8597988521030007e-06, -1.6090374276666624e-08, 9.086506725884818e-10]
1
[-0.021564698727870795, 0.0002138688655084461, -6.757997586199677e-06, 0.0012858279127664143, -1.2487770905908942e-10, -1.1453989098428666e-15, 8.644664852991321e-16, 2.6465470341603082e-05, -1.904429566435911e-06, -1.6552537638220394e-08, 1.0271609629591379e-09]
1
[-0.027538092803045273, 0.00022072321562163424, -6.791563966305953e-06, 0.0013197799532919385, -1.1715251626500306e-10, -9.039229962453206e-16, 8.043893451259045e-16, 2.431811528413582e-05, -1.8111665658889599e-06, -1.7313989093149648e-08, 8.68119168656549e-10]
1
[-0.01896975566136764, 0.00020270045476877518, -5.968574489236788e-06, 0.0012136671735861085, -1.159754878408517e-10, -1.4711162119525787e-15, 8.718987625041863e-16, 2.9377838253333205e-05, -1.90115107652098e-06, -1.5981658021862748e-08, 8.627817340129648e-10]
1
[-0.027293286194810647, 0.00022174576911528613, -7.161535535390281e-06, 0.0013124861305270092, -1.1566811456008447e-10, -9.724463951398283e-16, 8.629567470364846e-16, 2.503379231166059e-05, -1.8146998620054427e-06, -1.7578098093070715e-08, 8.667222837471872e-10]
1
[-0.024612830004129914, 0.00019887742162226726, -6.187814135560423e-06, 0.0012564710623175776, -1.1021545353259583e-10, -1.0676949850759027e-15, 9.363287447507687e-16, 2.561753988923481e-05, -1.952564966105948e-06, -1.6260918070847926e-08, 8.061662600326685e-10]
1
[-0.02969174166531051, 0.00022002038767745115, -6.750710732122374e-06, 0.001315092412639984, -1.171559398241898e-10, -8.627564206230436e-16, 8.252458280432741e-16, 2.455607461658915e-05, -1.7065084189964285e-06, -1.7074510024235368e-08, 8.678164995011813e-10]
1
[-0.024965312620848563, 0.000201298196198828, -6.811949746587277e-06, 0.0012623346935169226, -1.107743223358486e-10, -1.0470565738450541e-15, 9.244494642640164e-16, 2.556078277297153e-05, -1.8626430061384741e-06, -1.7649173812022012e-08, 8.721587608121121e-10]
1
[-0.024277527536504598, 0.00022716712155741622, -6.714280730096329e-06, 0.0014217025015419806, -1.2588023884634998e-10, -1.1681182449335695e-15, 8.825441671000863e-16, 2.6467196460678295e-05, -1.9019984016681243e-06, -1.5288259200515205e-08, 8.872924451948183e-10]
1
[-0.029057817948576866, 0.0002199652674254308, -6.7503743779791365e-06, 0.0012479610511691426, -1.1724348835309068e-10, -9.356733059190932e-16, 8.271144610242712e-16, 2.4597835762700188e-05, -1.8170309257220884e-06, -1.703800406070581e-08, 8.681866578124434e-10]
2
[-0.02162609284443612, 0.00022266844286475857, -6.661331443034659e-06, 0.0014075449251593163, -1.2534529744618058e-10, -1.0827329140102253e-15, 9.682391482994818e-16, 2.4995891537382568e-05, -2.007094967652264e-06, -1.6440616644248847e-08, 8.910091726285751e-10]
2
[-0.02231212392211291, 0.0002272910020786075, -6.695860124930367e-06, 0.0014235138420638747, -1.2602880130441924e-10, -1.172116576427886e-15, 8.815284585321853e-16, 2.649935170477461e-05, -1.9034599440725664e-06, -1.5258161492166808e-08, 8.876210876326298e-10]
2
[-0.024637461393498834, 0.00018653223160051055, -7.345411406046258e-06, 0.0011911786687657773, -1.1318135133282156e-10, -1.054123933302837e-15, 1.0136970946216643e-15, 2.4205287667307543e-05, -1.8585695585898623e-06, -1.6077644603147835e-08, 8.742850822227244e-10]
2
[-0.026577505664902717, 0.0002911606036207287, -6.796890040539206e-06, 0.0018572620646630897, -1.4286158902513617e-10, -1.4142808129483296e-15, 8.077880519707515e-16, 3.0251564831038084e-05, -1.895115740377353e-06, -1.830332115141224e-08, 9.355095471546503e-10]
2
[-0.02988707948562673, 0.00022662509995727587, -6.778158049767539e-06, 0.001487543145659333, -1.148777594790778e-10, -9.410821781234306e-16, 9.066017736110637e-16, 2.6384265006263007e-05, -1.8519057894927135e-06, -1.7655894701161223e-08, 8.686597466251882e-10]
2
[-0.020078068769261805, 0.00020358228348616984, -6.008842224070438e-06, 0.0012188591248743226, -1.160330782108333e-10, -1.4433642337731224e-15, 8.695474606795724e-16, 2.9130273018865146e-05, -1.8967482590922927e-06, -1.603755097380584e-08, 8.630428872948818e-10]
2
[-0.021686212833971742, 0.00020304229305564926, -5.962352496041061e-06, 0.0012188271992501004, -1.2351146805141193e-10, -1.4741425019010324e-15, 8.764152221861622e-16, 2.951659262681594e-05, -1.9023451426726651e-06, -1.6125303247074456e-08, 8.627731738374664e-10]
2
[-0.02917188979684302, 0.00021984138690423952, -6.751296231472302e-06, 0.0013145880020037242, -1.1709492589502142e-10, -9.316749744247767e-16, 8.261943028844377e-16, 2.4565680518603873e-05, -1.8155693833176463e-06, -1.7068101769054208e-08, 8.678580153746318e-10]
2
[-0.026221804908752106, 0.0002276256949396132, -7.1865108943134925e-06, 0.0013689184478484307, -1.0857771179500294e-10, -1.0105659647916067e-15, 8.373704942412706e-16, 2.5266458127787386e-05, -1.9581765402203452e-06, -1.686877344720606e-08, 8.7337750614234e-10]
2
[-0.021482332252379756, 0.00022545469754235007, -6.742251753780953e-06, 0.0014175437369955309, -1.2519123400937975e-10, -1.147845567439376e-15, 8.481913850474637e-16, 2.6526055326877103e-05, -1.9056588599490494e-06, -1.6565267311739182e-08, 9.396196403421293e-10]
2
[-0.023507619670844873, 0.00017898778608707206, -5.996429929954038e-06, 0.0012173255946093396, -1.1149920510998638e-10, -1.4415528286801783e-15, 8.712725189707858e-16, 3.119662229640514e-05, -1.72077981132185e-06, -1.610162966535279e-08, 8.188760875764876e-10]
2
[-0.020404067304109378, 0.0002251290776292966, -6.691523242122636e-06, 0.0014225845536607784, -1.2614574757244748e-10, -1.0544706269759603e-15, 8.725798578334754e-16, 2.6669415022328138e-05, -1.9133685116810077e-06, -1.6530694214916068e-08, 9.226062674273713e-10]
2
[-0.026999894061298883, 0.00021914599376551372, -7.116620349618728e-06, 0.001306118088691404, -1.150482318276633e-10, -9.872694173986638e-16, 8.363199942552551e-16, 2.510015532993859e-05, -1.8207910675928158e-06, -1.742835521575818e-08, 8.67414275616148e-10]
2
[-0.027368751970199477, 0.00026654922231964055, -7.191932774240649e-06, 0.0013494502626420768, -1.1946728727867634e-10, -9.748980605764801e-16, 9.875997946793743e-16, 2.581640388496292e-05, -1.7064112264858606e-06, -1.652465160295281e-08, 9.151503380405018e-10]
2
[-0.030450234198876394, 0.00024747476606732456, -6.7357376349083205e-06, 0.0016100764977607606, -1.3810208090617378e-10, -1.2026043077615224e-15, 7.980893639337098e-16, 2.98163804056647e-05, -1.941853741838634e-06, -1.6780580543417602e-08, 8.904643245117633e-10]
2
[-0.029535145346710766, 0.00022886227351823687, -6.743130189060655e-06, 0.0014277445435144694, -1.1516444935388486e-10, -9.163984672993573e-16, 9.281613647961525e-16, 2.8368306551458643e-05, -1.8278152997762238e-06, -1.757426461990114e-08, 9.156619676797987e-10]
2
[-0.025005919471041707, 0.00020147719697203968, -6.8113642472373515e-06, 0.0012628391041531828, -1.1083533626501702e-10, -1.0880108019107662e-15, 9.23500989422853e-16, 2.555117687095681e-05, -1.8621885959446374e-06, -1.641066094816046e-08, 8.721172449386617e-10]
2
[-0.02163706214849261, 0.000165841566187438, -6.028544923079615e-06, 0.0012045324085566468, -1.1125740775867625e-10, -1.4555689343715872e-15, 9.143209235539007e-16, 2.9113091351474634e-05, -1.7756298548765392e-06, -1.5230892131656446e-08, 8.749933744612013e-10]
2
[-0.02138248512686345, 0.0001605002056799652, -5.928106318080767e-06, 0.0012010256511477235, -1.1600195271427455e-10, -1.6386725622293166e-15, 8.754301124335354e-16, 2.9324371257607562e-05, -1.9003678535183084e-06, -1.509564736015247e-08, 8.755933760790901e-10]
2
[-0.027276722845128526, 0.00023448506972339103, -7.364450849861262e-06, 0.0013322082565242214, -1.1582567149746558e-10, -9.465743077133026e-16, 8.297575066037725e-16, 2.4713816407968328e-05, -1.8458219081516755e-06, -1.7080064624157302e-08, 8.85473658475652e-10]